1 0.18 0.39 0.32 0.18 0.79 12.0 3
2 0.44 0.52 0.95 0.85 0.64 17.0 2
3 0.89 0.04 0.04 0.8 0.18 90.0 4
4 0.14 0.04 0.8 0.35 0.5 28.0 1
5 0.53 0.91 0.97 0.11 0.45 7.0 2
6 0.46 0.74 0.25 0.7 0.11 61.0 3
7 0.93 0.92 0.92 0.28 0.13 21.0 4
8 0.9 0.44 0.42 0.34 0.1 63.0 4
9 0.39 0.82 0.46 0.14 0.93 16.0 3
10 0.48 0.97 0.32 0.2 0.43 91.0 3
11 0.13 0.01 0.28 0.46 0.81 7.0 2
12 0.95 0.24 0.67 0.73 0.72 42.0 4
13 0.05 0.42 0.98 0.51 0.27 46.0 3
14 0.89 0.42 0.88 0.83 0.56 32.0 1
15 0.18 0.33 0.08 0.24 0.75 93.0 3
16 0.76 0.63 0.39 0.07 0.96 66.0 3
17 0.7 0.53 0.45 0.35 0.27 32.0 2
18 0.08 0.06 0.1 0.76 0.11 64.0 3
19 0.63 0.14 0.53 0.51 0.35 33.0 4
20 0.32 0.52 0.91 0.87 0.98 46.0 4
21 0.21 0.98 0.7 0.27 0.06 11.0 2
22 0.2 0.08 0.71 0.02 0.69 84.0 3
23 0.83 0.18 0.32 0.21 0.5 32.0 3
24 0.13 0.6 0.41 0.45 0.35 51.0 2
25 0.88 0.79 0.91 0.28 0.17 10.0 2
26 0.64 0.8 0.11 0.78 0.76 49.0 3
27 0.24 0.83 0.51 0.09 0.37 7.0 3
28 0.47 0.71 0.18 0.19 0.94 63.0 2
29 0.04 0.3 0.14 0.39 0.63 26.0 1
30 0.38 0.09 0.17 0.38 0.51 88.0 2
31 0.77 0.28 0.96 0.97 0.97 8.0 2
32 0.38 0.66 0.18 0.42 0.19 82.0 3
33 0.41 0.5 0.54 0.83 0.02 27.0 3
34 0.89 0.21 0.5 0.97 0.33 89.0 2
35 0.56 0.77 0.94 0.45 0.18 99.0 2
36 0.83 0.83 0.87 0.75 0.68 76.0 1
37 0.15 0.36 0.86 0.64 0.08 94.0 3
38 0.02 0.36 0.85 0.63 0.6 85.0 1
39 0.98 0.87 0.95 0.78 0.86 40.0 4
40 0.88 0.0 0.89 0.01 0.47 25.0 4
41 0.02 0.32 0.2 0.51 0.07 11.0 1
42 0.51 0.52 0.07 0.5 0.95 43.0 3
